0.595337
0.178238
0.101910
0.109080
0.150915
0.133724
0.105332
0.127677
0.083202
0.099354
0.161730
0.120030
0.086079
0.120111
0.144000
0.131672
0.151947
0.157572
0.169612
0.136031
0.153252
0.100561
0.190014
0.217920
0.139031
0.214431
0.169090
0.293619
0.272822
0.319242
0.200952
0.215123
0.360550
0.234125
0.374443
0.277932
0.185657
0.209412
0.375460
0.304768
0.400683
0.329172
0.339012
0.342086
0.422672
0.296334
0.479122
0.249443
0.345709
0.503339
0.399922
0.458019
0.586886
0.588041
0.454514
0.348455
0.534478
0.702477
0.666334
0.442105
0.452491
0.452276
0.470524
0.579283
0.791434
0.677683
0.526865
0.435890
0.840693
0.572400
0.637079
0.537948
0.551545
0.653655
0.696322
0.664076
0.713797
1.003374
0.808508
0.817308
1.200905
1.792463
1.288199
1.572608
1.118458
1.645724
1.702345
1.530967
1.535308
2.395815
1.724976
1.462920
1.715594
2.116798
1.795756
1.805799
1.635411
2.015596
2.149400
1.675821
2.451347
2.491708
1.974662
1.548627
1.983235
2.951641
2.433277
1.885415
1.918147
2.669045
2.638828
2.171864
4.015198
3.254975
1.728067
